 0  1  2  3  4  5  6  7  8   9  10
[1, 2, 3, 4, 5,|6, 7, 8, 9, 10, 11]
[1              6                 ] | [2, 3, 4, 5, 7 | 8, 9, 10, 11, 1] 10
[   2                 8           ] | [3, 4, 5, 7 | 9, 10, 11, 1, 2]     9
[      3                 9        ] | [4, 5, 7, 10 | 11, 1, 2, 3]        8
[         4                     11] | [5, 7, 10 | 1, 2, 3, 4]            7
[      3           7              ] | [7, 10, 2 | 3, 4, 5]                6
[         4                 10    ] | [10, 2 | 4, 5, 7]
[1        4                       ] | [2, 5 | 7, 10]
[   2              7              ] | [5 | 10, 2]
[            5              10    ] | [2 | 5]
[      2     5                    ] | [2]



       1
   11     2
 10          3
9             4
 8          5
    7    6