       4   3   2   1   0   1   2   3   4

4     65 (64) 63  62  61  60  59  58  57
3     66  37 (36) 35  34  33  32  31  56
2     67  38  17 (16) 15  14  13  30  55
1     68  39  18   5  (4)  3  12  29  54
0     69  40  19   6   1   2  11  28  53
1     70  41  20   7   8  [9] 10  27  52
2     71  42  21  22  23  24 [25] 26  51
3     72  43  44  45  46  47  48 [49] 50
4     73  74  75  76  77  78  79  80 [81]

[x]

65 66 67 68 69 70 71 72 73 74 75 76 77 78 79 80 81
 4  3  2  1  0  1  2  3  4  3  2  1  0  1  2  3  4